Sample_size_Median =

   39.3900   46.2500   53.9900   68.0200   78.1600   91.4500  107.1100


Sample_size_Median_round =

    40    48    54    70    80    92   108


Sample_size_Low =

   30.6300   36.2600   40.6900   52.0100   59.8300   71.2400   81.7600


Sample_size_Low_round =

    32    38    42    54    60    72    82


Sample_size_Upper =

   45.4800   54.2400   63.4100   80.1600   92.7100  110.0700  127.1900


Sample_size_Upper_round =

    46    56    64    82    94   112   128


Effective_Size_Median =

   1.0e+03 *

    2.3699    2.1822    2.0230    1.8014    1.6889    1.5700    1.4667


Effective_Size_Low =

   1.0e+03 *

    1.9527    1.8107    1.6565    1.4907    1.3929    1.3034    1.2040


Effective_Size_Upper =

   1.0e+03 *

    2.8298    2.5978    2.4141    2.1479    2.0211    1.8682    1.7555
