Sample_size_Median =

   54.2400   65.0700   76.5400   95.0100  110.1600  129.1000  150.4000


Sample_size_Median_round =

    56    66    78    96   112   130   152


Sample_size_Low =

   43.0700   50.3700   58.7900   72.0600   83.0600   98.8100  114.8600


Sample_size_Low_round =

    44    52    60    74    84   100   116


Sample_size_Upper =

   63.6700   76.8200   89.1400  112.5300  132.2000  155.3200  177.5100


Sample_size_Upper_round =

    64    78    90   114   134   156   178


Effective_Size_Median =

   1.0e+03 *

    2.0718    1.8923    1.7450    1.5741    1.4757    1.3583    1.2737


Effective_Size_Low =

   1.0e+03 *

    1.7454    1.5679    1.4597    1.3012    1.2270    1.1223    1.0474


Effective_Size_Upper =

   1.0e+03 *

    2.4728    2.2584    2.0934    1.8912    1.7639    1.6498    1.5560