Sample_size_Median =

   69.7100   82.4800   91.3300  104.0100  112.0700  119.1100  126.3200


Sample_size_Median_round =

    70    84    92   106   114   120   128


Sample_size_Low =

   56.9000   65.6500   70.0600   79.6600   87.1000   92.4300   99.6500


Sample_size_Low_round =

    58    66    72    80    88    94   100


Sample_size_Upper =

   80.5600   97.1400  107.4600  123.3200  131.6400  140.8300  149.4400


Sample_size_Upper_round =

    82    98   108   124   132   142   150


Effective_Size_Median =

  231.9200  214.8100  199.6900  178.8200  165.8300  154.5400  145.4100


Effective_Size_Low =

  189.8700  178.2300  163.1400  143.9300  136.9300  129.9200  119.6000


Effective_Size_Upper =

  273.4800  254.9700  239.0100  217.0000  197.5600  186.2700  175.5600