Sample_size_Median =

   59.8800   69.9100   81.8300  101.5300  118.1200  137.3300  159.1600
   42.0800   49.5000   55.1000   62.3700   66.4900   71.3900   74.7900
   31.6200   38.8100   45.8900   54.2800   59.7800   64.9600   69.7400


Sample_size_Median_round =

    60    70    82   102   120   138   160
    44    50    56    64    68    72    76
    32    40    46    56    60    66    70


Sample_size_Low =

   46.6100   55.5000   65.3200   77.4400   91.3700  103.5900  120.0400
   32.7800   39.4600   42.3900   49.5300   53.3100   55.9600   59.2200
   24.3900   30.4400   35.2300   42.6800   46.3400   50.3900   54.1800


Sample_size_Low_round =

    48    56    66    78    92   104   122
    34    40    44    50    54    56    60
    26    32    36    44    48    52    56


Sample_size_Upper =

   68.9500   81.2600   96.7200  119.9000  139.8000  161.6500  190.0000
   48.9600   57.5200   64.6800   74.2300   79.4300   83.5900   88.4500
   37.7100   47.0500   55.6400   64.8100   71.7200   76.9200   82.5500


Sample_size_Upper_round =

    70    82    98   120   140   162   192
    50    58    66    76    80    84    90
    38    48    56    66    72    78    84


Effective_Size_Median =

   1.0e+03 *

    2.0302    1.8740    1.7178    1.5486    1.4338    1.3438    1.2563
    0.7916    0.7372    0.6854    0.6166    0.5782    0.5389    0.5069
    0.3596    0.3234    0.2911    0.2553    0.2345    0.2155    0.2010


Effective_Size_Low =

   1.0e+03 *

    1.6880    1.5296    1.4024    1.2895    1.1949    1.1038    1.0300
    0.6546    0.6138    0.5619    0.5094    0.4753    0.4427    0.4241
    0.2988    0.2684    0.2420    0.2119    0.1924    0.1781    0.1671


Effective_Size_Upper =

   1.0e+03 *

    2.3857    2.2064    2.0239    1.8654    1.7186    1.6121    1.5069
    0.9436    0.8915    0.8184    0.7425    0.6960    0.6573    0.6051
    0.4250    0.3823    0.3470    0.3033    0.2804    0.2617    0.2438