Sample_size_Median =

   39.1300   46.2300   54.0400   67.6100   78.6900   91.3400  106.5000
   27.1600   32.2600   36.0800   40.7600   43.6100   46.4400   49.0400
   19.8300   24.4400   29.0300   34.7200   37.9600   41.2500   43.9700


Sample_size_Median_round =

    40    48    56    68    80    92   108
    28    34    38    42    44    48    50
    20    26    30    36    38    42    44


Sample_size_Low =

   31.3100   36.6900   41.4100   50.7300   61.0900   69.8900   82.2900
   21.5600   24.8500   28.4400   31.3900   34.2900   36.5800   39.1900
   15.3900   18.7800   22.3300   26.7300   29.1200   32.4300   34.5500


Sample_size_Low_round =

    32    38    42    52    62    70    84
    22    26    30    32    36    38    40
    16    20    24    28    30    34    36


Sample_size_Upper =

   45.6100   54.3000   63.5800   79.5000   92.3800  108.0400  127.0400
   31.7900   37.6700   42.4700   47.9800   51.3800   55.0800   57.8000
   23.6800   29.3400   34.8800   42.0400   46.1700   49.2700   52.3000


Sample_size_Upper_round =

    46    56    64    80    94   110   128
    32    38    44    48    52    56    58
    24    30    36    44    48    50    54


Effective_Size_Median =

   1.0e+03 *

    2.3762    2.1683    2.0168    1.8128    1.6907    1.5677    1.4670
    0.9282    0.8655    0.7997    0.7309    0.6769    0.6356    0.5982
    0.4252    0.3845    0.3456    0.3014    0.2799    0.2576    0.2402


Effective_Size_Low =

   1.0e+03 *

    1.9677    1.7973    1.6616    1.4689    1.3889    1.3231    1.2153
    0.7729    0.7192    0.6653    0.5923    0.5517    0.5285    0.4829
    0.3546    0.3210    0.2859    0.2501    0.2275    0.2125    0.1989


Effective_Size_Upper =

   1.0e+03 *

    2.7968    2.5673    2.4066    2.1986    1.9971    1.8849    1.7753
    1.1003    1.0352    0.9450    0.8810    0.8096    0.7543    0.7087
    0.4968    0.4536    0.4154    0.3654    0.3361    0.3051    0.2867
