Sample_size_Median_round =

    56    66    78    96   112   128   152
    44    54    60    68    72    78    82
    38    60    72    90   100   110     0


Sample_size_Low =

   42.5200   49.5000   56.6700   72.7200   84.6000   97.9400  113.3700
   33.8000   41.4400   46.7500   51.6700   55.1500   60.9000   64.6400
   28.4400   43.9800   55.8500   66.3400   74.6100   84.0400         0


Sample_size_Low_round =

    44    50    58    74    86    98   114
    34    42    48    52    56    62    66
    30    44    56    68    76    86     0


Sample_size_Upper =

   63.7500   75.2300   91.0900  112.4200  131.2000  154.3500  179.7100
   51.0900   63.2600   71.0100   79.2700   84.3900   89.7700   94.3900
   46.2400   72.1600   86.8500  107.5100  118.8100  130.4200         0


Sample_size_Upper_round =

    64    76    92   114   132   156   180
    52    64    72    80    86    90    96
    48    74    88   108   120   132     0


Effective_Size_Median =

   1.0e+03 *

    2.0808    1.8929    1.7377    1.5810    1.4651    1.3656    1.2669
    0.7584    0.6969    0.6476    0.5861    0.5488    0.5087    0.4812
    0.3187    0.2599    0.2309    0.1979    0.1813    0.1676         0


Effective_Size_Low =

   1.0e+03 *

    1.6839    1.5615    1.4369    1.3001    1.2140    1.1261    1.0588
    0.6226    0.5705    0.5408    0.4836    0.4489    0.4198    0.3968
    0.2636    0.2132    0.1922    0.1634    0.1509    0.1397         0


Effective_Size_Upper =

   1.0e+03 *

    2.4258    2.2744    2.1338    1.8784    1.7540    1.6290    1.5150
    0.9056    0.8320    0.7679    0.7081    0.6723    0.6147    0.5745
    0.3790    0.3103    0.2716    0.2401    0.2218    0.2023         0


Sample_size_Median =

   54.3600   65.1200   76.7400   94.9400  110.1600  127.7400  151.4700
   43.5900   53.1700   59.2100   67.2300   71.6100   77.0000   80.5500
   37.9700   58.0700   71.6400   88.7400   98.7300  108.1300  116.4400


Sample_size_Median_round =

    56    66    78    96   112   128   152
    44    54    60    68    72    78    82
    38    60    72    90   100   110   118


Sample_size_Low =

   42.5200   49.5000   56.6700   72.7200   84.6000   97.9400  113.3700
   33.8000   41.4400   46.7500   51.6700   55.1500   60.9000   64.6400
   28.4400   43.9800   55.8500   66.3400   74.6100   84.0400   90.1200


Sample_size_Low_round =

    44    50    58    74    86    98   114
    34    42    48    52    56    62    66
    30    44    56    68    76    86    92


Sample_size_Upper =

   63.7500   75.2300   91.0900  112.4200  131.2000  154.3500  179.7100
   51.0900   63.2600   71.0100   79.2700   84.3900   89.7700   94.3900
   46.2400   72.1600   86.8500  107.5100  118.8100  130.4200  140.7100


Sample_size_Upper_round =

    64    76    92   114   132   156   180
    52    64    72    80    86    90    96
    48    74    88   108   120   132   142


Effective_Size_Median =

   1.0e+03 *

    2.0808    1.8929    1.7377    1.5810    1.4651    1.3656    1.2669
    0.7584    0.6969    0.6476    0.5861    0.5488    0.5087    0.4812
    0.3187    0.2599    0.2309    0.1979    0.1813    0.1676    0.1553


Effective_Size_Low =

   1.0e+03 *

    1.6839    1.5615    1.4369    1.3001    1.2140    1.1261    1.0588
    0.6226    0.5705    0.5408    0.4836    0.4489    0.4198    0.3968
    0.2636    0.2132    0.1922    0.1634    0.1509    0.1397    0.1278


Effective_Size_Upper =

   1.0e+03 *

    2.4258    2.2744    2.1338    1.8784    1.7540    1.6290    1.5150
    0.9056    0.8320    0.7679    0.7081    0.6723    0.6147    0.5745
    0.3790    0.3103    0.2716    0.2401    0.2218    0.2023    0.1875