Sample_size_Median =

  151.6900  180.6100  203.3700  232.0900  248.9500  265.5200  279.6800


Sample_size_Median_round =

   152   182   204   234   250   266   280


Sample_size_Low =

  122.6000  139.9200  158.1200  179.5500  188.7200  207.3900  214.6900


Sample_size_Low_round =

   124   140   160   180   190   208   216


Sample_size_Upper =

  175.9200  214.2400  242.9100  278.7800  300.5000  320.7000  335.1500


Sample_size_Upper_round =

   176   216   244   280   302   322   336


Effective_Size_Median =

  161.9100  151.4800  139.6000  124.3200  116.8200  108.6400  102.4600


Effective_Size_Low =

  134.8200  125.5200  115.4500  102.6000   94.7500   89.4600   84.3900


Effective_Size_Upper =

  191.4300  179.1500  167.7500  150.9200  140.7500  129.3900  122.8700