Sample_size_Median =

   43.8700   48.2400   52.6700   59.2200   63.7200   68.0000   71.6900


Sample_size_Median_round =

    44    50    54    60    64    68    72


Sample_size_Low =

   35.1400   38.7300   41.8700   47.6900   49.6800   52.1400   55.7000


Sample_size_Low_round =

    36    40    42    48    50    54    56


Sample_size_Upper =

   50.7100   55.4900   61.7300   69.3800   74.4000   79.7300   85.7200


Sample_size_Upper_round =

    52    56    62    70    76    80    86


Effective_Size_Median =

  294.7700  283.8100  264.3700  236.5900  219.6500  204.5100  190.8800


Effective_Size_Low =

  237.5300  229.0500  216.0800  192.2800  179.9300  170.3300  158.2200


Effective_Size_Upper =

  349.5300  334.1600  312.1900  281.4100  260.9900  247.3400  230.7800