Sample_size_Median =

   57.8300   69.7200   81.8200  102.2200  119.5500  138.4400  163.8400
   52.7900   64.7500   72.8000   83.0200   87.6300   93.2100   98.3600
   56.6500  104.6700  136.7300  176.3900  198.9200  221.6500  244.2700


Sample_size_Median_round =

    58    70    82   104   120   140   164
    54    66    74    84    88    94   100
    58   106   138   178   200   222   246


Sample_size_Low =

   46.0300   55.5400   63.1000   78.3300   92.4900  104.0500  123.9800
   40.9800   49.6000   54.6500   63.9500   68.0000   71.7400   78.8400
   41.5800   75.7800  100.1300  131.2200  150.4800  167.3900  184.9900


Sample_size_Low_round =

    48    56    64    80    94   106   124
    42    50    56    64    70    72    80
    42    76   102   132   152   168   186


Sample_size_Upper =

   67.3900   81.7900   96.6900  122.1300  140.7800  165.8100  193.8800
   61.6500   77.0500   86.4400   97.6200  103.8900  111.2600  115.2700
   71.0600  132.3900  173.4800  215.1800  243.2400  273.4700  296.3800


Sample_size_Upper_round =

    68    82    98   124   142   166   194
    62    78    88    98   104   112   116
    72   134   174   216   244   274   298


Effective_Size_Median =

   1.0e+03 *

    2.0117    1.8272    1.6897    1.5185    1.4179    1.3252    1.2252
    0.6936    0.6335    0.5864    0.5250    0.4978    0.4658    0.4374
    0.2661    0.1998    0.1725    0.1456    0.1337    0.1222    0.1121


Effective_Size_Low =

   1.0e+03 *

    1.6779    1.5266    1.4013    1.2585    1.1688    1.0956    1.0136
    0.5726    0.5202    0.4906    0.4381    0.4148    0.3822    0.3684
    0.2201    0.1661    0.1421    0.1210    0.1083    0.0990    0.0933


Effective_Size_Upper =

   1.0e+03 *

    2.3783    2.1490    2.0263    1.8027    1.6922    1.6146    1.4656
    0.8208    0.7562    0.7008    0.6360    0.5983    0.5545    0.5268
    0.3217    0.2482    0.2109    0.1796    0.1614    0.1492    0.1365