Sample_size_Median =

   58.3000   69.5800   82.2200  102.1300  119.8400  137.3200  161.3800


Sample_size_Median_round =

    60    70    84   104   120   138   162


Sample_size_Low =

   45.4800   53.1200   63.8400   79.1100   91.1400  107.2500  125.7600


Sample_size_Low_round =

    46    54    64    80    92   108   126


Sample_size_Upper =

   67.6800   82.4600   96.6400  121.5800  141.1900  165.5700  191.8800


Sample_size_Upper_round =

    68    84    98   122   142   166   192


Effective_Size_Median =

   1.0e+03 *

    2.0078    1.8331    1.6819    1.5191    1.4172    1.3226    1.2376


Effective_Size_Low =

   1.0e+03 *

    1.6716    1.5050    1.3951    1.2616    1.1849    1.0896    1.0092


Effective_Size_Upper =

   1.0e+03 *

    2.3802    2.1654    2.0041    1.8383    1.6878    1.5836    1.4742