Sample_size_Median =

   59.4500   69.7200   81.8000  102.3000  119.0000  137.2700  159.0500


Sample_size_Median_round =

    60    70    82   104   120   138   160


Sample_size_Low =

   47.1300   54.4300   62.5700   77.5300   91.1300  104.7800  123.8300


Sample_size_Low_round =

    48    56    64    78    92   106   124


Sample_size_Upper =

   68.9600   81.8100   95.1600  121.5300  140.1800  163.8800  190.3500


Sample_size_Upper_round =

    70    82    96   122   142   164   192


Effective_Size_Median =

   1.0e+03 *

    2.0350    1.8704    1.7157    1.5404    1.4241    1.3395    1.2524


Effective_Size_Low =

   1.0e+03 *

    1.6437    1.5287    1.4353    1.2744    1.2047    1.0959    1.0423


Effective_Size_Upper =

   1.0e+03 *

    2.4244    2.2246    2.0550    1.8708    1.7287    1.6150    1.4910