Sample_size_Median =

   27.9000   30.2000   33.2900   37.4900   40.3300   43.1400   45.7300


Sample_size_Median_round =

    28    32    34    38    42    44    46


Sample_size_Low =

   22.3600   23.8900   26.4900   28.6500   31.4200   33.8600   36.4300


Sample_size_Low_round =

    24    24    28    30    32    34    38


Sample_size_Upper =

   32.5600   34.8700   38.6900   43.9200   47.3100   51.1200   53.8900


Sample_size_Upper_round =

    34    36    40    44    48    52    54


Effective_Size_Median =

  349.6100  340.5500  313.2300  283.8700  261.7200  244.5700  229.2100


Effective_Size_Low =

  282.2700  281.3800  261.2700  230.2000  212.5300  203.0800  184.5800


Effective_Size_Upper =

  411.1100  404.0200  368.4500  344.1200  313.6100  290.6300  270.9700