Sample_size_Median =

   57.8300   69.7200   81.8200  102.2200  119.5500  138.4400  163.8400
   52.7900         0         0         0         0         0         0


Sample_size_Median_round =

    58    70    82   104   120   140   164
    54     0     0     0     0     0     0


Sample_size_Low =

   46.0300   55.5400   63.1000   78.3300   92.4900  104.0500  123.9800
   40.9800         0         0         0         0         0         0


Sample_size_Low_round =

    48    56    64    80    94   106   124
    42     0     0     0     0     0     0


Sample_size_Upper =

   67.3900   81.7900   96.6900  122.1300  140.7800  165.8100  193.8800
   61.6500         0         0         0         0         0         0


Sample_size_Upper_round =

    68    82    98   124   142   166   194
    62     0     0     0     0     0     0


Effective_Size_Median =

   1.0e+03 *

    2.0117    1.8272    1.6897    1.5185    1.4179    1.3252    1.2252
    0.6936         0         0         0         0         0         0


Effective_Size_Low =

   1.0e+03 *

    1.6779    1.5266    1.4013    1.2585    1.1688    1.0956    1.0136
    0.5726         0         0         0         0         0         0


Effective_Size_Upper =

   1.0e+03 *

    2.3783    2.1490    2.0263    1.8027    1.6922    1.6146    1.4656
    0.8208         0         0         0         0         0         0